4.943541
5.395186
8.096831
4.380622
6.403205
3.678250
8.544694
4.808854
2.310291
4.002220
4.921537
3.936853
7.789937
5.225863
6.579111
7.410201
4.823482
4.850685
3.481692
2.965129
4.134674
3.737840
4.771519
3.152823
3.618845
2.823022
2.653819
2.938358
4.578269
3.078525
3.879095
3.502170
3.469040
2.570424
5.888444
7.038925
5.900028
3.658315
4.650234
3.787732
3.888493
4.498597
2.426225
4.406869
2.388727
7.238997
4.910762
6.539889
2.631890
4.432297
4.905987
3.879628
3.024420
7.046706
3.401110
3.762628
4.435313
3.861066
5.391919
4.329351
5.162148
3.969048
7.171406
5.253197
3.513219
5.056482
3.484822
4.647055
2.645175
3.561249
6.770554
5.867944
3.630965
3.808391
3.148443
8.316545
3.494176
4.162415
3.949259
4.897025
2.761188
3.347315
5.007309
2.637984
2.799624
2.707572
7.380057
3.683239
4.496844
5.237934
3.075876
5.183097
8.193390
4.782902
6.828193
5.142580
7.555073
6.232546
3.626163
3.819698
3.381708
4.800825
3.869596
5.983206
4.348062
3.913099
2.660476
2.815759
4.517560
4.739608
3.104900
4.484006
5.043548
5.361911
7.970478
4.899476
6.437203
3.412636
4.966201
3.725737
2.429241
6.012812
4.402441
2.201224
5.785233
3.612549
3.672345
4.274048
7.119396
3.686040
2.907884
4.770757
3.872430
4.288984
3.251573
4.241118
3.035189
2.707039
3.528678
4.145722
3.481058
3.031050
7.272196
6.292426
2.617711
4.924975
4.771544
5.697051
3.326276
4.833456
4.859655
5.335291
3.945359
4.428064
3.738733
7.494538
7.548041
5.294282
3.660671
6.483358
4.707357
3.646618
3.574712
4.744161
6.724120
6.782041
4.558340
2.331032
4.094000
4.946912
4.894424
7.436717
2.213312
7.943387
2.384751
3.556172
5.033080
4.249250
3.983980
6.729886
4.590565
3.497046
6.735714
2.770505
6.669582
3.089571
4.141406
4.882931
5.946644
8.193848
3.510271
5.877620
7.593491
4.593350
3.548339
3.566604
6.076892
4.486054
2.951609
3.477305
3.094828
2.684384
3.593026
5.353029
5.080735
4.090109
4.006822
4.323379
3.441453
4.213860
6.231248
3.508511
3.834358
3.701058
3.246759
4.578236
6.895385
3.975243
4.079047
4.843118
3.675167
8.797857
6.631333
3.239495
3.999504
7.149403
2.631620
8.024606
3.510097
8.616335
5.059721
8.759871
2.372625
6.445035
5.770859
3.139255
5.888166
4.284579
3.684773
5.836938
4.337523
6.635333
3.824685
4.436163
2.734983
5.162386
4.719645
4.578310
3.377344
7.616900
4.147007
4.880245
7.034516
4.382561
3.890826
6.918057
7.825961
3.981777
3.129939
4.615352
4.301102
3.786566
4.156326
3.990659
2.330896
3.781134
5.371863
4.858497
3.569041
4.403229
3.561395
2.538475
4.689711
2.704344
2.791127
6.456362
4.723237
3.829061
4.391559
3.133240
3.798990
2.988062
6.043576
4.119004
6.378587
8.736026
3.370643
3.318851
4.063200
2.551426
4.498241
3.586323
3.070210
